image: fac602.pgm
resolution: 0.050000
origin: [-6.609962, -32.307644, 0.000000]
negate: 0
occupied_thresh: 0.65
free_thresh: 0.196

