path:
  map_name: fac625.pgm
  resolution: 0.050000
  map_origin: [-28.446854, -4.027744, 0.000000]
  map_size: [747, 307]
  seg_num: 4
  seg0_property: [0, 0, 1]
  seg0_vector: [386, 116, 374, 222]
  seg1_property: [1, 1, 2]
  seg1_vector: [374, 222, 493, 222]
  seg2_property: [2, 2, 3]
  seg2_vector: [493, 222, 495, 89]
  seg3_property: [3, 3, 4]
  seg3_vector: [495, 89, 587, 88]
