path:
  image: fac625.pgm
  resolution: 0.050000
  origin: [-28.446854, -4.027744, 0.000000]
  map_size: [747, 307]
  seg_num: 4
  seg0_property: [0, 0, 1]
  seg0_vector: [300, 100, 320, 120]
  seg1_property: [1, 1, 2]
  seg1_vector: [320, 120, 330, 150]
  seg2_property: [2, 2, 3]
  seg2_vector: [330, 150, 350, 90]
  seg3_property: [3, 3, 4]
  seg3_vector: [350, 90, 310, 180]
