image: 215_mdf.pgm
resolution: 0.050000
origin: [-8.335160, -5.011139, 0.000000]
negate: 0
occupied_thresh: 0.65
free_thresh: 0.196
