path:
  image: 822hf_mdf.pgm
  resolution: 0.050000
  origin: [-17.185421, -10.705365, 0.000000]
  map_size: [810, 757]
  seg_num: 7
  seg0_property: [0, 0, 1]
  seg0_vector: [344, 546, 419, 546]
  seg1_property: [1, 1, 2]
  seg1_vector: [419, 546, 472, 546]
  seg2_property: [2, 2, 3]
  seg2_vector: [472, 546, 532, 546]
  seg3_property: [3, 3, 4]
  seg3_vector: [532, 546, 532, 495]
  seg4_property: [4, 4, 5]
  seg4_vector: [532, 495, 532, 444]
  seg5_property: [5, 5, 6]
  seg5_vector: [532, 444, 472, 444]
  seg6_property: [6, 6, 7]
  seg6_vector: [472, 444, 472, 496]
