image: 170124pm.pgm
resolution: 0.050000
origin: [-6.465976, -13.237539, 0.000000]
negate: 0
occupied_thresh: 0.65
free_thresh: 0.196

