image: 310.pgm
resolution: 0.050000
origin: [-5.482957, -21.248453, 0.000000]
negate: 0
occupied_thresh: 0.65
free_thresh: 0.196

