image: 315.pgm
resolution: 0.050000
origin: [-5.513693, -21.155069, 0.000000]
negate: 0
occupied_thresh: 0.65
free_thresh: 0.196

