image: 626.pgm
resolution: 0.050000
origin: [-20.322126, -4.254655, 0.000000]
negate: 0
occupied_thresh: 0.65
free_thresh: 0.196

