image: 822hf.pgm
resolution: 0.050000
origin: [-17.185421, -10.705365, 0.000000]
negate: 0
occupied_thresh: 0.65
free_thresh: 0.196

