image: expscence1_20.pgm
resolution: 0.050000
origin: [-5.485706, -28.574800, 0.000000]
negate: 0
occupied_thresh: 0.65
free_thresh: 0.196

