image: fac502.pgm
resolution: 0.050000
origin: [-6.936311, -32.018274, 0.000000]
negate: 0
occupied_thresh: 0.65
free_thresh: 0.196

