image: floor1.pgm
resolution: 0.050000
origin: [-11.396262, -3.175795, 0.000000]
negate: 0
occupied_thresh: 0.65
free_thresh: 0.196

