image: hf910_mdf.pgm
resolution: 0.050000
origin: [-19.907284, -14.940559, 0.000000]
negate: 0
occupied_thresh: 0.65
free_thresh: 0.196

