image: hf914_mdf.pgm
resolution: 0.050000
origin: [-19.696564, -15.223701, 0.000000]
negate: 0
occupied_thresh: 0.65
free_thresh: 0.196

