image: office170102.pgm
resolution: 0.050000
origin: [-11.109474, -30.682788, 0.000000]
negate: 0
occupied_thresh: 0.65
free_thresh: 0.196

