image: sz925_mdf.pgm
resolution: 0.050000
origin: [-53.278691, -25.694907, 0.000000]
negate: 0
occupied_thresh: 0.65
free_thresh: 0.196

