image: sz925_mdf_cut.pgm
resolution: 0.050000
origin: [-50.4,-19.25,0.000000]
negate: 0
occupied_thresh: 0.65
free_thresh: 0.196

