image: ych1008_mdf_cut.pgm
resolution: 0.050000
origin: [-47.6, -18.7, 0.000000]
negate: 0
occupied_thresh: 0.65
free_thresh: 0.196

